04003906,M&M迷你巧克力,39
041143025123
4029787422436
4710015101291,乖乖奶油椰子,25,1
4710015140498
4710018024207
4710022102892
4710035337007
4710043001433,曼陀珠綜合水果,45
4710043001457,曼陀珠葡萄口味,45
4710095046208
4710105027180
4710105030326
4710126020733
4710126025646
4710126035003
4710126038882,義美巧克力捲-香芋慕斯,90,1
4710126041004
4710126043909
4710126045460
4710126046092,義美益生菌Jelly糖,27
4710126100923,義美寶吉蘋果汁,12
4710126100930
4710128020106
4710174114095
4710247018664
4710247019845,Halls無糖迷你薄荷糖,66
4710298161234
4710370373265
4710421071447
4710423051096
4710452210051
4710543006693
4710594924427
4710626186519,愛之味油切分解茶,35
4710626193012
4710757015207
4710757030200,代可可脂凱莎粒巧克力,100
4710757039104
4710911022676
4710970847685
4711162821520,北田糙米捲-蛋黃,39
4711202224892
4711402892921
4712318101244
4712693000279
4712972150268
4713507024627
4714431053110,草莓風味蒟蒻果凍,39
4716814182011
4719264904219
4719264904226
4719264904233
4719264904240
4902777062013
6970097000563
748675116052,三葉葡萄乾,84
7610700600863,利口草本喉糖,93
80310167
80768258
8801045571263
8801111390064
8852008300215
8858674711010
8886467102400,品客洋芋片-原味,35
8888077101101
8888077102092,明治熊貓草莓夾心餅乾,29
8934680033282
8998389162346
9002859055553
040000508830,M&M焦糖牛奶巧克力,35
4710716331386,青箭粒裝口香糖-薄荷口味,67